# 21/70 iterations complete ✅ (7367.35s)
# Results saved to runs/segment/tune25
# Best fitness=1.29389 observed at iteration 21
# Best fitness metrics are {'metrics/precision(B)': 0.85857, 'metrics/recall(B)': 0.81647, 'metrics/mAP50(B)': 0.88005, 'metrics/mAP50-95(B)': 0.64628, 'metrics/precision(M)': 0.87459, 'metrics/recall(M)': 0.80432, 'metrics/mAP50(M)': 0.87021, 'metrics/mAP50-95(M)': 0.5969, 'val/box_loss': 0.95517, 'val/seg_loss': 1.42536, 'val/cls_loss': 1.05218, 'val/dfl_loss': 1.98114, 'fitness': 1.29389}
# Best fitness model is runs/segment/train292
# Best fitness hyperparameters are printed below.

lr0: 0.00597
lrf: 0.0136
momentum: 0.94247
weight_decay: 0.00081
warmup_epochs: 3.4072
warmup_momentum: 0.86965
box: 7.71936
cls: 0.75984
dfl: 2.68243
hsv_h: 0.01507
hsv_s: 0.87588
hsv_v: 0.51477
degrees: 0.0
translate: 0.07396
scale: 0.39189
shear: 0.0
perspective: 0.0
flipud: 0.0
fliplr: 0.5952
bgr: 0.0
mosaic: 0.91197
mixup: 0.0
copy_paste: 0.0
